nx: 350
ny: 350
nz: 350
block_size: 1
type: float
ox: -0.88
oy: -0.88
oz: -0.88
dx: 0.00504297994269341
dy: 0.00504297994269341
dz: 0.00504297994269341
path: /home/sriva/git/sfem/workflows/resample/test_field_t10.raw
