nx: 1400
ny: 1400
nz: 1400
block_size: 1
type: float
ox: -0.88
oy: -0.88
oz: -0.88
dx: 0.0012580414581844174
dy: 0.0012580414581844174
dz: 0.0012580414581844174
path: /home/sriva/git/sfem/workflows/resample/field_cnt.raw
