nx: 50
ny: 50
nz: 50
block_size: 1
type: float
ox: -0.88
oy: -0.88
oz: -0.88
dx: 0.035918367346938776
dy: 0.035918367346938776
dz: 0.035918367346938776
path: /home/sriva/git/sfem/workflows/resample/test_field.raw
