nx: 400
ny: 400
nz: 400
block_size: 1
type: float
ox: -0.88
oy: -0.88
oz: -0.88
dx: 0.004411027568922306
dy: 0.004411027568922306
dz: 0.004411027568922306
path: /home/sriva/git/sfem/workflows/resample/test_field.raw
