nx: 900
ny: 900
nz: 900
block_size: 1
type: float
ox: -0.88
oy: -0.88
oz: -0.88
dx: 0.001957730812013348
dy: 0.001957730812013348
dz: 0.001957730812013348
path: /home/sriva/git/sfem/workflows/resample/test_field.raw
