nx: 300
ny: 300
nz: 300
block_size: 1
type: float
ox: -0.88
oy: -0.88
oz: -0.88
dx: 0.00588628762541806
dy: 0.00588628762541806
dz: 0.00588628762541806
path: /home/sriva/git/sfem/workflows/resample/test_field.raw
