nx: 450
ny: 450
nz: 450
block_size: 1
type: float
ox: -0.88
oy: -0.88
oz: -0.88
dx: 0.003919821826280623
dy: 0.003919821826280623
dz: 0.003919821826280623
path: /home/sriva/git/sfem/workflows/resample/bit_array.raw
