nx: 200
ny: 200
nz: 200
block_size: 1
type: float
ox: -0.88
oy: -0.88
oz: -0.88
dx: 0.008844221105527638
dy: 0.008844221105527638
dz: 0.008844221105527638
path: /home/sriva/git/sfem/workflows/resample/test_field_t10.raw
