nx: 700
ny: 700
nz: 700
block_size: 1
type: float
ox: -0.88
oy: -0.88
oz: -0.88
dx: 0.0025178826895565095
dy: 0.0025178826895565095
dz: 0.0025178826895565095
path: /home/sriva/git/sfem/workflows/resample/bit_array.raw
