nx: 250
ny: 250
nz: 250
block_size: 1
type: float
ox: -0.88
oy: -0.88
oz: -0.88
dx: 0.007068273092369478
dy: 0.007068273092369478
dz: 0.007068273092369478
path: /home/sriva/git/sfem/workflows/resample/bit_array.raw
